2023-07-23 13:35:28.531 [info] Log level: Info
2023-07-23 13:35:28.531 [info] Validating found git in: "git"
2023-07-23 13:35:28.531 [info] Using git "2.41.0" from "git"
2023-07-23 13:35:28.531 [info] > git rev-parse --show-toplevel [4ms]
2023-07-23 13:35:28.531 [info] > git rev-parse --git-dir --git-common-dir [2ms]
2023-07-23 13:35:28.531 [info] Open repository: /home/atmegabuzz/.config
2023-07-23 13:35:28.531 [info] > git rev-parse --show-toplevel [4ms]
2023-07-23 13:35:28.531 [info] > git rev-parse --show-toplevel [4ms]
2023-07-23 13:35:28.531 [info] > git config --get commit.template [9ms]
2023-07-23 13:35:28.532 [info] > git rev-parse --show-toplevel [2ms]
2023-07-23 13:35:28.538 [info] > git rev-parse --show-toplevel [4ms]
2023-07-23 13:35:28.540 [info] > git for-each-ref --format=%(refname)%00%(upstream:short)%00%(objectname)%00%(upstream:track)%00%(upstream:remotename)%00%(upstream:remoteref) refs/heads/main refs/remotes/main [3ms]
2023-07-23 13:35:28.545 [info] > git rev-parse --show-toplevel [5ms]
2023-07-23 13:35:28.548 [info] > git rev-parse --show-toplevel [1ms]
2023-07-23 13:35:28.551 [info] > git rev-parse --show-toplevel [1ms]
2023-07-23 13:35:28.553 [info] > git rev-parse --show-toplevel [0ms]
2023-07-23 13:35:28.556 [info] > git rev-parse --show-toplevel [1ms]
2023-07-23 13:35:28.558 [info] > git rev-parse --show-toplevel [0ms]
2023-07-23 13:35:28.561 [info] > git rev-parse --show-toplevel [0ms]
2023-07-23 13:35:28.563 [info] > git rev-parse --show-toplevel [1ms]
2023-07-23 13:35:28.565 [info] > git rev-parse --show-toplevel [0ms]
2023-07-23 13:35:28.568 [info] > git rev-parse --show-toplevel [1ms]
2023-07-23 13:35:28.570 [info] > git rev-parse --show-toplevel [0ms]
2023-07-23 13:35:28.577 [info] > git rev-parse --show-toplevel [5ms]
2023-07-23 13:35:28.580 [info] > git rev-parse --show-toplevel [1ms]
2023-07-23 13:35:28.583 [info] > git rev-parse --show-toplevel [1ms]
2023-07-23 13:35:28.585 [info] > git rev-parse --show-toplevel [1ms]
2023-07-23 13:35:28.587 [info] > git rev-parse --show-toplevel [0ms]
2023-07-23 13:35:28.595 [info] > git status -z -uall [51ms]
2023-07-23 13:35:28.595 [info] > git rev-parse --show-toplevel [6ms]
2023-07-23 13:35:29.136 [info] > git rev-parse --show-toplevel [537ms]
2023-07-23 13:35:29.146 [info] > git rev-parse --show-toplevel [6ms]
2023-07-23 13:35:29.151 [info] > git config --get commit.template [16ms]
2023-07-23 13:35:29.155 [info] > git check-ignore -v -z --stdin [10ms]
2023-07-23 13:35:29.155 [info] > git rev-parse --show-toplevel [4ms]
2023-07-23 13:35:29.163 [info] > git rev-parse --show-toplevel [3ms]
2023-07-23 13:35:29.168 [info] > git for-each-ref --format=%(refname)%00%(upstream:short)%00%(objectname)%00%(upstream:track)%00%(upstream:remotename)%00%(upstream:remoteref) refs/heads/main refs/remotes/main [5ms]
2023-07-23 13:35:29.172 [info] > git rev-parse --show-toplevel [4ms]
2023-07-23 13:35:29.177 [info] > git rev-parse --show-toplevel [1ms]
2023-07-23 13:35:29.182 [info] > git rev-parse --show-toplevel [0ms]
2023-07-23 13:35:29.189 [info] > git rev-parse --show-toplevel [1ms]
2023-07-23 13:35:29.197 [info] > git rev-parse --show-toplevel [2ms]
2023-07-23 13:35:29.203 [info] > git rev-parse --show-toplevel [1ms]
2023-07-23 13:35:29.210 [info] > git status -z -uall [39ms]
2023-07-23 13:35:29.210 [info] > git rev-parse --show-toplevel [1ms]
2023-07-23 13:35:29.285 [info] > git rev-parse --show-toplevel [70ms]
2023-07-23 13:35:29.291 [info] > git rev-parse --show-toplevel [1ms]
2023-07-23 13:35:29.297 [info] > git rev-parse --show-toplevel [1ms]
2023-07-23 13:35:29.302 [info] > git rev-parse --show-toplevel [1ms]
2023-07-23 13:35:29.308 [info] > git rev-parse --show-toplevel [1ms]
2023-07-23 13:35:29.313 [info] > git rev-parse --show-toplevel [1ms]
2023-07-23 13:35:29.320 [info] > git rev-parse --show-toplevel [1ms]
2023-07-23 13:35:29.326 [info] > git rev-parse --show-toplevel [1ms]
2023-07-23 13:35:29.331 [info] > git rev-parse --show-toplevel [1ms]
2023-07-23 13:35:30.013 [info] > git rev-parse --show-toplevel [677ms]
2023-07-23 13:35:30.018 [info] > git rev-parse --show-toplevel [1ms]
2023-07-23 13:35:30.023 [info] > git rev-parse --show-toplevel [1ms]
2023-07-23 13:35:30.029 [info] > git rev-parse --show-toplevel [1ms]
2023-07-23 13:35:30.037 [info] > git rev-parse --show-toplevel [1ms]
2023-07-23 13:35:30.043 [info] > git rev-parse --show-toplevel [0ms]
2023-07-23 13:35:30.046 [info] > git rev-parse --show-toplevel [1ms]
2023-07-23 13:35:30.049 [info] > git rev-parse --show-toplevel [0ms]
2023-07-23 13:35:30.053 [info] > git rev-parse --show-toplevel [1ms]
2023-07-23 13:35:30.058 [info] > git rev-parse --show-toplevel [0ms]
2023-07-23 13:35:30.063 [info] > git rev-parse --show-toplevel [2ms]
2023-07-23 13:35:30.068 [info] > git rev-parse --show-toplevel [1ms]
2023-07-23 13:35:30.073 [info] > git rev-parse --show-toplevel [0ms]
2023-07-23 13:35:30.080 [info] > git rev-parse --show-toplevel [1ms]
2023-07-23 13:35:30.086 [info] > git rev-parse --show-toplevel [1ms]
2023-07-23 13:35:30.090 [info] > git rev-parse --show-toplevel [1ms]
2023-07-23 13:35:30.094 [info] > git rev-parse --show-toplevel [1ms]
2023-07-23 13:35:30.098 [info] > git rev-parse --show-toplevel [0ms]
2023-07-23 13:35:30.105 [info] > git rev-parse --show-toplevel [1ms]
2023-07-23 13:35:30.110 [info] > git rev-parse --show-toplevel [0ms]
2023-07-23 13:35:30.115 [info] > git rev-parse --show-toplevel [0ms]
2023-07-23 13:35:30.119 [info] > git rev-parse --show-toplevel [0ms]
2023-07-23 13:35:30.124 [info] > git rev-parse --show-toplevel [1ms]
2023-07-23 13:35:30.128 [info] > git rev-parse --show-toplevel [1ms]
2023-07-23 13:35:30.134 [info] > git rev-parse --show-toplevel [0ms]
2023-07-23 13:35:30.139 [info] > git rev-parse --show-toplevel [1ms]
2023-07-23 13:35:30.143 [info] > git rev-parse --show-toplevel [1ms]
2023-07-23 13:35:30.146 [info] > git rev-parse --show-toplevel [1ms]
2023-07-23 13:35:30.149 [info] > git rev-parse --show-toplevel [0ms]
2023-07-23 13:35:30.152 [info] > git rev-parse --show-toplevel [0ms]
2023-07-23 13:35:30.156 [info] > git rev-parse --show-toplevel [1ms]
2023-07-23 13:35:30.159 [info] > git rev-parse --show-toplevel [1ms]
2023-07-23 13:35:30.162 [info] > git rev-parse --show-toplevel [1ms]
2023-07-23 13:35:30.165 [info] > git rev-parse --show-toplevel [0ms]
2023-07-23 13:35:30.168 [info] > git rev-parse --show-toplevel [0ms]
2023-07-23 13:35:30.172 [info] > git rev-parse --show-toplevel [0ms]
2023-07-23 13:35:30.176 [info] > git rev-parse --show-toplevel [0ms]
2023-07-23 13:35:30.180 [info] > git rev-parse --show-toplevel [0ms]
2023-07-23 13:35:30.183 [info] > git rev-parse --show-toplevel [0ms]
2023-07-23 13:35:30.187 [info] > git rev-parse --show-toplevel [1ms]
2023-07-23 13:35:30.190 [info] > git rev-parse --show-toplevel [1ms]
2023-07-23 13:35:30.193 [info] > git rev-parse --show-toplevel [0ms]
2023-07-23 13:35:30.196 [info] > git rev-parse --show-toplevel [0ms]
2023-07-23 13:35:30.199 [info] > git rev-parse --show-toplevel [0ms]
2023-07-23 13:35:30.202 [info] > git rev-parse --show-toplevel [0ms]
2023-07-23 13:35:30.206 [info] > git rev-parse --show-toplevel [1ms]
2023-07-23 13:35:30.209 [info] > git rev-parse --show-toplevel [1ms]
2023-07-23 13:35:30.212 [info] > git rev-parse --show-toplevel [0ms]
2023-07-23 13:35:30.215 [info] > git rev-parse --show-toplevel [0ms]
2023-07-23 13:35:30.218 [info] > git rev-parse --show-toplevel [0ms]
2023-07-23 13:35:30.222 [info] > git rev-parse --show-toplevel [1ms]
2023-07-23 13:35:30.226 [info] > git rev-parse --show-toplevel [1ms]
2023-07-23 13:35:30.229 [info] > git rev-parse --show-toplevel [0ms]
2023-07-23 13:35:30.233 [info] > git rev-parse --show-toplevel [1ms]
2023-07-23 13:35:30.236 [info] > git rev-parse --show-toplevel [0ms]
2023-07-23 13:35:30.239 [info] > git rev-parse --show-toplevel [0ms]
2023-07-23 13:35:30.242 [info] > git rev-parse --show-toplevel [0ms]
2023-07-23 13:35:30.245 [info] > git rev-parse --show-toplevel [0ms]
2023-07-23 13:35:30.249 [info] > git rev-parse --show-toplevel [1ms]
2023-07-23 13:35:30.252 [info] > git rev-parse --show-toplevel [0ms]
2023-07-23 13:35:30.255 [info] > git rev-parse --show-toplevel [0ms]
2023-07-23 13:35:30.258 [info] > git rev-parse --show-toplevel [0ms]
2023-07-23 13:35:30.261 [info] > git rev-parse --show-toplevel [0ms]
2023-07-23 13:35:30.264 [info] > git rev-parse --show-toplevel [0ms]
2023-07-23 13:35:30.267 [info] > git rev-parse --show-toplevel [0ms]
2023-07-23 13:35:30.271 [info] > git rev-parse --show-toplevel [1ms]
2023-07-23 13:35:30.275 [info] > git rev-parse --show-toplevel [1ms]
2023-07-23 13:35:30.279 [info] > git rev-parse --show-toplevel [0ms]
2023-07-23 13:35:30.283 [info] > git rev-parse --show-toplevel [1ms]
2023-07-23 13:35:30.286 [info] > git rev-parse --show-toplevel [1ms]
2023-07-23 13:35:30.290 [info] > git rev-parse --show-toplevel [1ms]
2023-07-23 13:35:30.295 [info] > git rev-parse --show-toplevel [1ms]
2023-07-23 13:35:30.299 [info] > git rev-parse --show-toplevel [1ms]
2023-07-23 13:35:30.302 [info] > git rev-parse --show-toplevel [0ms]
2023-07-23 13:35:30.306 [info] > git rev-parse --show-toplevel [1ms]
2023-07-23 13:35:30.310 [info] > git rev-parse --show-toplevel [1ms]
2023-07-23 13:35:30.314 [info] > git rev-parse --show-toplevel [1ms]
2023-07-23 13:35:30.320 [info] > git rev-parse --show-toplevel [1ms]
2023-07-23 13:35:30.326 [info] > git rev-parse --show-toplevel [0ms]
2023-07-23 13:35:30.331 [info] > git rev-parse --show-toplevel [0ms]
2023-07-23 13:35:30.334 [info] > git rev-parse --show-toplevel [0ms]
2023-07-23 13:35:30.338 [info] > git rev-parse --show-toplevel [0ms]
2023-07-23 13:35:30.341 [info] > git rev-parse --show-toplevel [0ms]
2023-07-23 13:35:30.344 [info] > git rev-parse --show-toplevel [0ms]
2023-07-23 13:35:30.347 [info] > git rev-parse --show-toplevel [0ms]
2023-07-23 13:35:30.350 [info] > git rev-parse --show-toplevel [0ms]
2023-07-23 13:35:30.354 [info] > git rev-parse --show-toplevel [1ms]
2023-07-23 13:35:30.357 [info] > git rev-parse --show-toplevel [0ms]
2023-07-23 13:35:30.361 [info] > git rev-parse --show-toplevel [0ms]
2023-07-23 13:35:30.364 [info] > git rev-parse --show-toplevel [1ms]
2023-07-23 13:35:30.368 [info] > git rev-parse --show-toplevel [1ms]
2023-07-23 13:35:30.371 [info] > git rev-parse --show-toplevel [1ms]
2023-07-23 13:35:30.376 [info] > git rev-parse --show-toplevel [0ms]
2023-07-23 13:35:30.379 [info] > git rev-parse --show-toplevel [0ms]
2023-07-23 13:35:30.382 [info] > git rev-parse --show-toplevel [0ms]
2023-07-23 13:35:30.386 [info] > git rev-parse --show-toplevel [1ms]
2023-07-23 13:35:30.389 [info] > git rev-parse --show-toplevel [0ms]
2023-07-23 13:35:30.392 [info] > git rev-parse --show-toplevel [0ms]
2023-07-23 13:35:30.396 [info] > git rev-parse --show-toplevel [1ms]
2023-07-23 13:35:30.399 [info] > git rev-parse --show-toplevel [1ms]
2023-07-23 13:35:30.402 [info] > git rev-parse --show-toplevel [0ms]
2023-07-23 13:35:30.405 [info] > git rev-parse --show-toplevel [0ms]
2023-07-23 13:35:30.408 [info] > git rev-parse --show-toplevel [0ms]
2023-07-23 13:35:30.412 [info] > git rev-parse --show-toplevel [0ms]
2023-07-23 13:35:30.415 [info] > git rev-parse --show-toplevel [1ms]
2023-07-23 13:35:30.419 [info] > git rev-parse --show-toplevel [1ms]
2023-07-23 13:35:30.423 [info] > git rev-parse --show-toplevel [1ms]
2023-07-23 13:35:30.427 [info] > git rev-parse --show-toplevel [0ms]
2023-07-23 13:35:30.431 [info] > git rev-parse --show-toplevel [1ms]
2023-07-23 13:35:30.434 [info] > git rev-parse --show-toplevel [1ms]
2023-07-23 13:35:30.437 [info] > git rev-parse --show-toplevel [0ms]
2023-07-23 13:35:30.440 [info] > git rev-parse --show-toplevel [0ms]
2023-07-23 13:35:30.443 [info] > git rev-parse --show-toplevel [0ms]
2023-07-23 13:35:30.447 [info] > git rev-parse --show-toplevel [0ms]
2023-07-23 13:35:30.450 [info] > git rev-parse --show-toplevel [1ms]
2023-07-23 13:35:30.453 [info] > git rev-parse --show-toplevel [0ms]
2023-07-23 13:35:30.457 [info] > git rev-parse --show-toplevel [0ms]
2023-07-23 13:35:30.461 [info] > git rev-parse --show-toplevel [1ms]
2023-07-23 13:35:30.464 [info] > git rev-parse --show-toplevel [1ms]
2023-07-23 13:35:30.468 [info] > git rev-parse --show-toplevel [1ms]
2023-07-23 13:35:30.471 [info] > git rev-parse --show-toplevel [0ms]
2023-07-23 13:35:30.475 [info] > git rev-parse --show-toplevel [1ms]
2023-07-23 13:35:30.478 [info] > git rev-parse --show-toplevel [0ms]
2023-07-23 13:35:30.482 [info] > git rev-parse --show-toplevel [1ms]
2023-07-23 13:35:30.485 [info] > git rev-parse --show-toplevel [0ms]
2023-07-23 13:35:30.489 [info] > git rev-parse --show-toplevel [1ms]
2023-07-23 13:35:30.492 [info] > git rev-parse --show-toplevel [1ms]
2023-07-23 13:35:30.495 [info] > git rev-parse --show-toplevel [0ms]
2023-07-23 13:35:30.498 [info] > git rev-parse --show-toplevel [0ms]
2023-07-23 13:35:30.501 [info] > git rev-parse --show-toplevel [0ms]
2023-07-23 13:35:30.505 [info] > git rev-parse --show-toplevel [1ms]
2023-07-23 13:35:30.508 [info] > git rev-parse --show-toplevel [1ms]
2023-07-23 13:35:30.511 [info] > git rev-parse --show-toplevel [1ms]
2023-07-23 13:35:30.514 [info] > git rev-parse --show-toplevel [0ms]
2023-07-23 13:35:30.517 [info] > git rev-parse --show-toplevel [0ms]
2023-07-23 13:35:30.521 [info] > git rev-parse --show-toplevel [1ms]
2023-07-23 13:35:30.525 [info] > git rev-parse --show-toplevel [1ms]
2023-07-23 13:35:30.528 [info] > git rev-parse --show-toplevel [1ms]
2023-07-23 13:35:31.667 [info] > git config --get commit.template [4ms]
2023-07-23 13:35:31.667 [info] > git for-each-ref --format=%(refname)%00%(upstream:short)%00%(objectname)%00%(upstream:track)%00%(upstream:remotename)%00%(upstream:remoteref) refs/heads/main refs/remotes/main [1ms]
2023-07-23 13:35:31.692 [info] > git status -z -uall [21ms]
2023-07-23 13:35:34.576 [info] > git check-ignore -v -z --stdin [0ms]
2023-07-23 13:35:40.253 [info] > git config --get commit.template [9ms]
2023-07-23 13:35:40.254 [info] > git for-each-ref --format=%(refname)%00%(upstream:short)%00%(objectname)%00%(upstream:track)%00%(upstream:remotename)%00%(upstream:remoteref) refs/heads/main refs/remotes/main [2ms]
2023-07-23 13:35:40.281 [info] > git status -z -uall [23ms]
2023-07-23 13:35:45.365 [info] > git config --get commit.template [3ms]
2023-07-23 13:35:45.365 [info] > git for-each-ref --format=%(refname)%00%(upstream:short)%00%(objectname)%00%(upstream:track)%00%(upstream:remotename)%00%(upstream:remoteref) refs/heads/main refs/remotes/main [1ms]
2023-07-23 13:35:45.387 [info] > git status -z -uall [19ms]
2023-07-23 13:35:50.463 [info] > git config --get commit.template [1ms]
2023-07-23 13:35:50.467 [info] > git for-each-ref --format=%(refname)%00%(upstream:short)%00%(objectname)%00%(upstream:track)%00%(upstream:remotename)%00%(upstream:remoteref) refs/heads/main refs/remotes/main [0ms]
2023-07-23 13:35:50.490 [info] > git status -z -uall [19ms]
2023-07-23 13:35:52.818 [info] > git check-ignore -v -z --stdin [1ms]
2023-07-23 13:35:55.569 [info] > git config --get commit.template [4ms]
2023-07-23 13:35:55.569 [info] > git for-each-ref --format=%(refname)%00%(upstream:short)%00%(objectname)%00%(upstream:track)%00%(upstream:remotename)%00%(upstream:remoteref) refs/heads/main refs/remotes/main [1ms]
2023-07-23 13:35:55.592 [info] > git status -z -uall [20ms]
2023-07-23 13:35:57.657 [info] > git check-ignore -v -z --stdin [1ms]
2023-07-23 13:36:00.680 [info] > git config --get commit.template [1ms]
2023-07-23 13:36:00.684 [info] > git for-each-ref --format=%(refname)%00%(upstream:short)%00%(objectname)%00%(upstream:track)%00%(upstream:remotename)%00%(upstream:remoteref) refs/heads/main refs/remotes/main [0ms]
2023-07-23 13:36:00.711 [info] > git status -z -uall [20ms]
2023-07-23 13:36:05.807 [info] > git config --get commit.template [1ms]
2023-07-23 13:36:05.811 [info] > git for-each-ref --format=%(refname)%00%(upstream:short)%00%(objectname)%00%(upstream:track)%00%(upstream:remotename)%00%(upstream:remoteref) refs/heads/main refs/remotes/main [0ms]
2023-07-23 13:36:05.835 [info] > git status -z -uall [20ms]
2023-07-23 13:36:10.923 [info] > git config --get commit.template [8ms]
2023-07-23 13:36:10.924 [info] > git for-each-ref --format=%(refname)%00%(upstream:short)%00%(objectname)%00%(upstream:track)%00%(upstream:remotename)%00%(upstream:remoteref) refs/heads/main refs/remotes/main [1ms]
2023-07-23 13:36:10.947 [info] > git status -z -uall [20ms]
